.Random.seed <-
c(403L, 516L, 1412729231L, -1700749938L, -3472989L, -1976430104L, 
966056932L, 1103065620L, -2076850813L, 1385325732L, 104772848L, 
562865802L, 1740305469L, -1389534304L, -701486062L, 702702648L, 
-2077643542L, 1317498231L, 587400182L, 485505104L, 1132132690L, 
2049352539L, -828800936L, -1697333809L, 644321058L, 1182429165L, 
-598435542L, -125941062L, -931478637L, 891535282L, -1606605456L, 
-1615580156L, 394817761L, 1708911954L, 873914738L, 967949367L, 
-443943174L, -697866137L, -253078512L, 419497537L, -914520952L, 
-1236986259L, -1129497574L, 1709456785L, 1346493380L, -913976720L, 
453101726L, 230092262L, -1049786104L, 2117754104L, -1861361270L, 
1903188307L, -137121982L, -260605880L, -826327326L, -2063647125L, 
2063673447L, 2086184172L, -955299412L, -1087044733L, -400114420L, 
-768847058L, 309228671L, 1071598852L, -1441997403L, -1483013492L, 
1374902176L, -1188848693L, 1669103847L, 930443749L, -1304616414L, 
639868196L, 548698455L, -1037578462L, -2123496508L, 1492747366L, 
808017178L, -1155848125L, -745057463L, 2064364648L, 480402818L, 
-373237848L, -2144311699L, -1152908643L, -1850448136L, 2072240985L, 
-521692653L, 1159340998L, -708941603L, 515147425L, -208613259L, 
1834889958L, -300863830L, -585423483L, -42180123L, -683147344L, 
-888362618L, 2022304994L, -221614718L, 668887306L, -1123317094L, 
-903382868L, 2026426016L, 758165095L, 1638310974L, 1742766055L, 
1588750478L, -1040630311L, 486004969L, -627328704L, -1520348232L, 
-1342054516L, -579533293L, 315152452L, -1580507065L, -291374740L, 
-489485931L, 273337555L, 1177758693L, -1475654008L, -967064172L, 
2099715225L, 91826284L, -1339786757L, 990030434L, -1053900547L, 
885471694L, -916080879L, -1026656363L, -1950343123L, 1068776418L, 
1846332206L, -551213077L, 1169829089L, -1811488946L, -180324135L, 
-796963861L, -1969607709L, 65328078L, -2012354280L, 1771690819L, 
1936115579L, -2020580357L, 624402404L, 1482260372L, 623053071L, 
-1279775336L, 903790085L, -1403158324L, -2077656699L, 547884454L, 
-1743546880L, -524538894L, 778396837L, -1544912991L, -687096604L, 
-562230003L, -588502871L, 787400540L, -637631143L, -1529104664L, 
-1434523462L, -79375330L, -782125364L, 1918222576L, 1776677778L, 
344928394L, -1479708152L, -329717321L, -2060710698L, 1445582308L, 
1945767942L, -501501278L, 4389283L, -1618827993L, -22897552L, 
-851912380L, -860884029L, -1176496052L, 204751174L, 581510684L, 
1277916660L, 121802017L, 1326342987L, 99055879L, -1523584160L, 
-1082361613L, -2023400128L, -2140421574L, -608913543L, 938474835L, 
497996707L, -126480281L, 1848742829L, 402312783L, 1794638181L, 
-2124971201L, -692848685L, 1708298665L, -496822301L, 1705736879L, 
-2000375398L, 1302814266L, -136290368L, -1215015647L, -690872283L, 
1421437464L, -1815561934L, -750538730L, 466727234L, 680986671L, 
-1728672264L, 24491900L, -2007726922L, -1149985808L, 643249085L, 
1943310285L, -656876713L, 1938337196L, -1274321906L, 2128751070L, 
-645844581L, 1162810088L, 144222322L, 305747945L, 1528294624L, 
900705113L, 1394771319L, 1048151294L, 1578633082L, -969341082L, 
2068274146L, -704884757L, -105637931L, 813616099L, -1056477240L, 
-999852998L, 1445809024L, -2059320247L, 2083320913L, 1899599912L, 
548580464L, 377978001L, -1115476744L, 1730047423L, -669238282L, 
1360058625L, -1180433520L, 1876772898L, 568690779L, -988258680L, 
-379854424L, -990563007L, 1204743112L, 1468001599L, -198840031L, 
-1103031927L, 1056534626L, -1843258451L, -2138902164L, -1957771875L, 
896727663L, -548769258L, -1539090677L, -462109521L, -429893783L, 
-1538710227L, -2045220964L, 841809370L, -281679380L, -2039862999L, 
-1243336633L, -897545200L, 911832485L, -2012461733L, 596252234L, 
-479494204L, -2037502340L, 822838403L, -80503557L, 1786765414L, 
1131253552L, -1606777754L, 1241024147L, 714800393L, -561958520L, 
605105781L, 1819709564L, -807213467L, -723343378L, 882074878L, 
-736639008L, 968588174L, 239391017L, -653850105L, 119067473L, 
-1454877940L, 1702951504L, 437022384L, 2091476613L, 134749775L, 
-1710514307L, -1173366805L, -179366784L, 841482275L, 1247818372L, 
-1181978134L, -429858582L, 1986536833L, 1607377392L, -25826579L, 
-871633650L, -1977780255L, 1702319236L, 119280626L, -137327799L, 
-510168203L, -1344344602L, -1389695371L, 1948945679L, 2081446193L, 
1192709821L, -654802092L, -785634578L, -1587398503L, 2140927547L, 
-2012812126L, 1164995650L, 1689898088L, -221114738L, -1306077680L, 
-261652674L, -1369926064L, 2086663701L, -1295221060L, 356909230L, 
1827837146L, -1636279192L, -2132194515L, 266206773L, 884770055L, 
827141532L, 1295360138L, 1473381874L, -178881075L, 1195234180L, 
2059611070L, -733030484L, 1345282023L, 1964869502L, 1612825715L, 
-1946897045L, 175406216L, -1224237436L, -677665639L, -1020533492L, 
2078883381L, 1134355973L, 1490044020L, -206092471L, 1693183519L, 
-1149568856L, -1933291091L, -965821927L, 2143021851L, 1030607919L, 
442395099L, -1416066688L, -1532615662L, 495308105L, 2031655647L, 
40940143L, 438565247L, 579924568L, -771132254L, 475864272L, 417890427L, 
-1714581194L, -1288018278L, -26099496L, 2055592483L, -955075110L, 
-1498468469L, -911592409L, -267662052L, 914915273L, 236181417L, 
551992256L, 151543839L, 1909343695L, -1073559820L, -1168793523L, 
-2137071959L, -1165880487L, -177207632L, -267867108L, -714819950L, 
1359690381L, 375216872L, 1462461674L, 1643863660L, -223951813L, 
1264753763L, -324413064L, 835918568L, 2090104250L, 1710228266L, 
821060529L, -1704075088L, 600591460L, -1569674233L, -164459184L, 
1026021407L, -1420889025L, 1368768715L, 1434444978L, 1429617247L, 
-1908254008L, 1521770586L, -1892379506L, -43607747L, -1942939738L, 
-263674326L, 789638157L, -1479155818L, -106275337L, -1625191808L, 
-1462045591L, 1013868698L, -1388501744L, -1037511761L, 926750977L, 
2127163383L, -611183093L, -134280869L, 227218184L, 2112079065L, 
219491964L, -2143810510L, 1393736196L, 184014838L, -114993948L, 
-443169445L, -1389595533L, -1495769931L, -1271055480L, -791768294L, 
1059948315L, 1033037624L, 2052634095L, -1340978248L, 201075396L, 
1533838386L, -746669736L, 1377070782L, -1449263999L, -270605575L, 
-1339273221L, -740280505L, 2046487646L, -781745276L, 191959258L, 
73401286L, -1187860504L, -672040353L, 1555838140L, -815445755L, 
-810935927L, 661086311L, 1698030584L, 1894727874L, 577214277L, 
-1307949755L, 1513828717L, 778860145L, 1533651081L, -2131968217L, 
1933153667L, -1444623344L, -1629351002L, 747863925L, -349223728L, 
-1466798771L, 226111481L, -860039100L, -1264851145L, 1918764804L, 
1680183295L, -1552797465L, 1312218804L, -2083132135L, 969460097L, 
-381876515L, -1499152529L, -1219952306L, -714191140L, -1009260365L, 
-1197781502L, -1709915409L, 524802395L, -661347438L, 133559725L, 
-925313019L, -1029560023L, 775704984L, -68117347L, -252565524L, 
-761662567L, -1382794922L, 362746530L, 1181443034L, -1358040455L, 
-1271903771L, 457970021L, 439827807L, 1912084603L, -1921018535L, 
232188810L, 880886011L, 1746102296L, 618275670L, 2000175525L, 
-605624205L, 866091253L, -625475209L, 1819372301L, -1819819964L, 
-1128152111L, -1566450424L, 1912767459L, -110533744L, 1390693299L, 
-1148414121L, -1350129934L, 1482614768L, -1975257943L, -1977421222L, 
-1361638103L, -1571248291L, -655432110L, 580333589L, -1179280224L, 
312547431L, 1961457063L, -379655196L, -2103236169L, 882042140L, 
-2021315567L, -764344020L, -976033852L, -1253461300L, 2139609820L, 
-1496467992L, -1190858917L, -367863549L, -38816851L, 1182831185L, 
998891012L, -1164121257L, 282306190L, 37754044L, -407961960L, 
-1437506532L, -295378457L, 83461933L, 72444047L, 341066522L, 
1846521553L, 1118743754L, 904642451L, -1769180448L, -747586625L, 
1795801435L, -111491207L, -292931311L, 665488957L, 902274439L, 
-992404375L, 1212594590L, -278980658L, -58566929L, 1904728938L, 
-1541294892L, -732070316L, -1404667637L, -229233125L, -1934920561L, 
-1319103869L, -184396410L, 1550799091L, 243862617L, -2071536436L, 
130943975L, -1078892704L, -2041495205L, 1749637655L, -9278620L, 
1642602775L, 371799220L, 805979336L, -2046584524L, 190033670L, 
